MEME version 4

ALPHABET= ACGT

strands: + -

Background letter frequencies (from uniform background):
A 0.25000 C 0.25000 G 0.25000 T 0.25000 

MOTIF ZFHX3_MOUSE.H10MO.D 

letter-probability matrix: alength= 4 w= 11 nsites= 7 E= 0
  0.594444	  0.061111	  0.283333	  0.061111	
  0.000000	  0.000000	  0.000000	  1.000000	
  0.111111	  0.000000	  0.133333	  0.755556	
  0.866667	  0.000000	  0.133333	  0.000000	
  0.555556	  0.000000	  0.000000	  0.444444	
  0.000000	  0.000000	  0.000000	  1.000000	
  0.666667	  0.111111	  0.000000	  0.222222	
  1.000000	  0.000000	  0.000000	  0.000000	
  0.000000	  0.200000	  0.000000	  0.800000	
  0.000000	  0.000000	  0.000000	  1.000000	
  0.672222	  0.027778	  0.027778	  0.272222
 
URL http://hocomoco11.autosome.ru/motif/ZFHX3_MOUSE.H11MO.0.D

MOTIF ZFHX3_MOUSE.parsons

letter-probability matrix: alength= 4 w= 11 nsites= 1 E= 0
  0.000000    0.440000    0.000000    0.560000  
  0.780000    0.000000    0.220000    0.000000  
  0.220000    0.000000    0.000000    0.780000  
  0.000000    0.120000    0.000000    0.880000  
  0.000000    0.440000    0.000000    0.560000  
  1.000000    0.000000    0.000000    0.000000  
  0.500000    0.000000    0.000000    0.500000  
  0.000000    0.000000    0.000000    1.000000  
  0.333333    0.333333    0.000000    0.333333  
  1.000000    0.000000    0.000000    0.000000  
  0.000000    0.333333    0.333333    0.333333  
  
URL https://www.ncbi.nlm.nih.gov/pubmed/26232227